0.2962 0.7038
0.5672 0.4328
0.5039 0.4961
0.4024 0.5976
0.6264 0.3736
0.3400 0.6600
0.5318 0.4682
0.4291 0.5709
0.4827 0.5173
0.6596 0.3404
0.3851 0.6149
0.4336 0.5664
0.2926 0.7074
0.5065 0.4935
0.5934 0.4066
0.6895 0.3105
0.4899 0.5101
0.5684 0.4316
0.4932 0.5068
0.5205 0.4795
0.4557 0.5443
0.5640 0.4360
0.5213 0.4787
0.5106 0.4894
0.5395 0.4605
0.5095 0.4905
0.4736 0.5264
0.4930 0.5070
0.4928 0.5072
0.6858 0.3142
0.6559 0.3441
0.4407 0.5593
0.2547 0.7453
0.6905 0.3095
0.4344 0.5656
0.5033 0.4967
0.5234 0.4766
0.6776 0.3224
0.4078 0.5922
0.4517 0.5483
0.6033 0.3967
0.4778 0.5222
0.5786 0.4214
0.3502 0.6498
0.4655 0.5345
0.2459 0.7541
0.4818 0.5182
0.6699 0.3301
0.3665 0.6335
0.3529 0.6471
0.4690 0.5310
0.4350 0.5650
0.3526 0.6474
0.5571 0.4429
0.5006 0.4994
0.4966 0.5034
0.2967 0.7033
0.4970 0.5030
0.5061 0.4939
0.3871 0.6129
0.4284 0.5716
0.6280 0.3720
0.5473 0.4527
0.4653 0.5347
0.2899 0.7101
0.4780 0.5220
0.5804 0.4196
0.5480 0.4520
0.5140 0.4860
0.5793 0.4207
0.3897 0.6103
0.4700 0.5300
0.2069 0.7931
0.4882 0.5118
0.2865 0.7135
0.6158 0.3842
0.5344 0.4656
0.5172 0.4828
0.4709 0.5291
0.6950 0.3050
0.5408 0.4592
0.4482 0.5518
0.5537 0.4463
0.6985 0.3015
0.4231 0.5769
0.4405 0.5595
0.5764 0.4236
0.4490 0.5510
0.2644 0.7356
0.4103 0.5897
0.5546 0.4454
0.3536 0.6464
0.4874 0.5126
0.4674 0.5326
0.3264 0.6736
0.5096 0.4904
0.4921 0.5079
0.6198 0.3802
0.2506 0.7494
0.4616 0.5384
0.4809 0.5191
0.4952 0.5048
0.4529 0.5471
0.4157 0.5843
0.2752 0.7248
0.3328 0.6672
0.5868 0.4132
0.3968 0.6032
0.3896 0.6104
0.3396 0.6604
0.4875 0.5125
0.5721 0.4279
0.5398 0.4602
0.3815 0.6185
0.5250 0.4750
0.4803 0.5197
0.5195 0.4805
0.4470 0.5530
0.5163 0.4837
0.6584 0.3416
0.4371 0.5629
0.4261 0.5739
0.6764 0.3236
0.1413 0.8587
0.4518 0.5482
0.6681 0.3319
0.4999 0.5001
0.5290 0.4710
0.4094 0.5906
0.5224 0.4776
0.0685 0.9315
0.5333 0.4667
0.5356 0.4644
0.4064 0.5936
0.2724 0.7276
0.4680 0.5320
0.3685 0.6315
0.5515 0.4485
0.6434 0.3566
0.4635 0.5365
0.5722 0.4278
0.5473 0.4527
0.5107 0.4893
0.5070 0.4930
0.5492 0.4508
0.4608 0.5392
0.6501 0.3499
0.5589 0.4411
0.6214 0.3786
0.5142 0.4858
0.5549 0.4451
0.4718 0.5282
0.5961 0.4039
0.5689 0.4311
0.4666 0.5334
0.5731 0.4269
0.4275 0.5725
0.5005 0.4995
0.4381 0.5619
0.4993 0.5007
0.5242 0.4758
0.4671 0.5329
0.5499 0.4501
1.0000 0.0000
0.5276 0.4724
0.6481 0.3519
0.2676 0.7324
0.3966 0.6034
0.2112 0.7888
0.5368 0.4632
0.5556 0.4444
0.5104 0.4896
0.3340 0.6660
0.3845 0.6155
0.2600 0.7400
0.4944 0.5056
0.1721 0.8279
0.1344 0.8656
0.4628 0.5372
0.4695 0.5305
0.2234 0.7766
0.3749 0.6251
0.4585 0.5415
0.5707 0.4293
0.3822 0.6178
0.4473 0.5527
0.5288 0.4712
0.3744 0.6256
0.4427 0.5573
0.6771 0.3229
0.6966 0.3034
0.4802 0.5198
0.5987 0.4013
0.5772 0.4228
0.4717 0.5283
0.4999 0.5001
0.6755 0.3245
0.2629 0.7371
0.4437 0.5563
0.5069 0.4931
0.6369 0.3631
0.4496 0.5504
0.6755 0.3245
0.4727 0.5273
0.5546 0.4454
0.2302 0.7698
0.4765 0.5235
0.1404 0.8596
0.5428 0.4572
0.5020 0.4980
0.5453 0.4547
0.2731 0.7269
0.6560 0.3440
0.6794 0.3206
0.3824 0.6176
0.5300 0.4700
1.0000 0.0000
0.5722 0.4278
0.6914 0.3086
0.5115 0.4885
0.4438 0.5562
0.2937 0.7063
0.6516 0.3484
0.2486 0.7514
0.4853 0.5147
0.3551 0.6449
0.4275 0.5725
0.5040 0.4960
0.4864 0.5136
0.5067 0.4933
0.4199 0.5801
0.4078 0.5922
0.5235 0.4765
0.4945 0.5055
0.4164 0.5836
0.4621 0.5379
0.4851 0.5149
0.6136 0.3864
0.5067 0.4933
0.6129 0.3871
0.4269 0.5731
0.5656 0.4344
0.5480 0.4520
0.5143 0.4857
0.5728 0.4272
0.3084 0.6916
0.4672 0.5328
0.2947 0.7053
0.4400 0.5600
0.5400 0.4600
0.5891 0.4109
0.3955 0.6045
0.5533 0.4467
0.5436 0.4564
0.2165 0.7835
0.5334 0.4666
0.5026 0.4974
0.5634 0.4366
0.5688 0.4312
0.5262 0.4738
0.3415 0.6585
0.5802 0.4198
0.5563 0.4437
0.5643 0.4357
0.3566 0.6434
0.5482 0.4518
0.4289 0.5711
0.2179 0.7821
0.5983 0.4017
0.5510 0.4490
0.3623 0.6377
0.4501 0.5499
0.3764 0.6236
0.4567 0.5433
0.5258 0.4742
0.4481 0.5519
0.4857 0.5143
0.4246 0.5754
0.4135 0.5865
0.4964 0.5036
0.5188 0.4812
0.0954 0.9046
0.3771 0.6229
0.2753 0.7247
0.4297 0.5703
0.4564 0.5436
0.3993 0.6007
0.5325 0.4675
0.4662 0.5338
0.4980 0.5020
0.6098 0.3902
0.5190 0.4810
0.6119 0.3881
0.1677 0.8323
0.6673 0.3327
0.4373 0.5627
0.4441 0.5559
0.4533 0.5467
0.5032 0.4968
0.6680 0.3320
0.3932 0.6068
0.5556 0.4444
0.4875 0.5125
0.4534 0.5466
0.5035 0.4965
0.3257 0.6743
0.4707 0.5293
0.6958 0.3042
0.2970 0.7030
0.5566 0.4434
0.5596 0.4404
0.2449 0.7551
0.4257 0.5743
0.4476 0.5524
0.3612 0.6388
0.5599 0.4401
0.5724 0.4276
0.3446 0.6554
0.4626 0.5374
0.4456 0.5544
0.4067 0.5933
0.5635 0.4365
0.4965 0.5035
0.5470 0.4530
0.4087 0.5913
0.2879 0.7121
0.5369 0.4631
0.5785 0.4215
0.4445 0.5555
0.3885 0.6115
0.2929 0.7071
0.4354 0.5646
0.4637 0.5363
0.4288 0.5712
0.4948 0.5052
0.5312 0.4688
0.4802 0.5198
0.6525 0.3475
0.5039 0.4961
0.4351 0.5649
0.3869 0.6131
0.5634 0.4366
0.4629 0.5371
0.1902 0.8098
0.5357 0.4643
0.5715 0.4285
0.4266 0.5734
0.3157 0.6843
0.4379 0.5621
0.4963 0.5037
0.4849 0.5151
0.4471 0.5529
0.4988 0.5012
0.6278 0.3722
0.5443 0.4557
0.3147 0.6853
0.4700 0.5300
0.4827 0.5173
0.4827 0.5173
0.3802 0.6198
0.3873 0.6127
0.4165 0.5835
0.4779 0.5221
0.6383 0.3617
0.5711 0.4289
0.4056 0.5944
0.5442 0.4558
0.4484 0.5516
0.4679 0.5321
0.2265 0.7735
0.6914 0.3086
0.4100 0.5900
0.5866 0.4134
0.1452 0.8548
0.4803 0.5197
0.5188 0.4812
0.3402 0.6598
0.5482 0.4518
0.6922 0.3078
0.5379 0.4621
0.2727 0.7273
0.3345 0.6655
0.4959 0.5041
0.4342 0.5658
0.4512 0.5488
0.2277 0.7723
0.5334 0.4666
0.5227 0.4773
0.3709 0.6291
0.5297 0.4703
0.4927 0.5073
0.5108 0.4892
0.3431 0.6569
0.3124 0.6876
0.5298 0.4702
0.3182 0.6818
0.5149 0.4851
0.5771 0.4229
0.3648 0.6352
0.5247 0.4753
0.3982 0.6018
0.4244 0.5756
0.4756 0.5244
0.5487 0.4513
0.6466 0.3534
0.5106 0.4894
0.3157 0.6843
0.4253 0.5747
0.4768 0.5232
0.5124 0.4876
0.4032 0.5968
0.4631 0.5369
0.5316 0.4684
0.5044 0.4956
0.5308 0.4692
0.5614 0.4386
0.5396 0.4604
0.3900 0.6100
0.5484 0.4516
0.3229 0.6771
0.3059 0.6941
0.4018 0.5982
0.4799 0.5201
0.4976 0.5024
0.5081 0.4919
0.4656 0.5344
0.5106 0.4894
0.5241 0.4759
0.5895 0.4105
0.5413 0.4587
0.4590 0.5410
0.3418 0.6582
0.2975 0.7025
0.5351 0.4649
0.5284 0.4716
0.5153 0.4847
0.4809 0.5191
0.5331 0.4669
0.3964 0.6036
0.5755 0.4245
0.3421 0.6579
0.4937 0.5063
0.6734 0.3266
0.4950 0.5050
0.6412 0.3588
0.4551 0.5449
0.5411 0.4589
0.6260 0.3740
0.4107 0.5893
0.4794 0.5206
0.4721 0.5279
0.5093 0.4907
0.5634 0.4366
0.3355 0.6645
0.5169 0.4831
0.6781 0.3219
0.3725 0.6275
0.3918 0.6082
0.5222 0.4778
0.5040 0.4960
0.4759 0.5241
0.4081 0.5919
0.4977 0.5023
0.4824 0.5176
0.4450 0.5550
0.5064 0.4936
0.2274 0.7726
