0.5585 0.4415
0.5181 0.4819
0.5425 0.4575
0.5320 0.4680
0.4743 0.5257
0.5676 0.4324
0.5452 0.4548
0.5397 0.4603
0.5102 0.4898
0.4764 0.5236
0.5643 0.4357
0.5419 0.4581
0.5485 0.4515
0.4950 0.5050
0.4882 0.5118
0.4629 0.5371
0.5301 0.4699
0.4981 0.5019
0.4831 0.5169
0.4951 0.5049
0.5401 0.4599
0.4950 0.5050
0.5166 0.4834
0.5205 0.4795
0.5070 0.4930
0.5352 0.4648
0.4962 0.5038
0.5258 0.4742
0.5401 0.4599
0.4280 0.5720
0.4567 0.5433
0.5625 0.4375
0.5766 0.4234
0.4582 0.5418
0.5224 0.4776
0.5154 0.4846
0.5425 0.4575
0.4601 0.5399
0.5484 0.4516
0.5132 0.4868
0.4569 0.5431
0.5517 0.4483
0.4734 0.5266
0.5261 0.4739
0.5174 0.4826
0.5832 0.4168
0.5246 0.4754
0.5015 0.4985
0.5583 0.4417
0.5596 0.4404
0.5102 0.4898
0.5226 0.4774
0.5341 0.4659
0.4970 0.5030
0.4936 0.5064
0.5460 0.4540
0.5701 0.4299
0.5240 0.4760
0.5282 0.4718
0.5118 0.4882
0.5094 0.4906
0.4711 0.5289
0.5411 0.4589
0.5413 0.4587
0.5566 0.4434
0.5317 0.4683
0.4470 0.5530
0.4987 0.5013
0.5002 0.4998
0.5135 0.4865
0.5270 0.4730
0.5116 0.4884
0.5690 0.4310
0.5429 0.4571
0.5682 0.4318
0.4957 0.5043
0.5323 0.4677
0.5297 0.4703
0.5323 0.4677
0.4374 0.5626
0.5156 0.4844
0.5132 0.4868
0.5264 0.4736
0.4338 0.5662
0.5491 0.4509
0.5451 0.4549
0.5136 0.4864
0.5597 0.4403
0.5342 0.4658
0.5595 0.4405
0.5216 0.4784
0.5821 0.4179
0.5156 0.4844
0.5360 0.4640
0.5468 0.4532
0.5344 0.4656
0.5372 0.4628
0.4662 0.5338
0.5430 0.4570
0.5377 0.4623
0.5458 0.4542
0.5171 0.4829
0.5158 0.4842
0.5341 0.4659
0.5704 0.4296
0.5718 0.4282
0.4795 0.5205
0.5270 0.4730
0.5667 0.4333
0.5894 0.4106
0.4890 0.5110
0.4552 0.5448
0.5381 0.4619
0.5496 0.4504
0.5430 0.4570
0.5447 0.4553
0.5186 0.4814
0.5213 0.4787
0.5388 0.4612
0.4582 0.5418
0.5583 0.4417
0.5191 0.4809
0.4769 0.5231
0.5537 0.4463
0.5489 0.4511
0.4852 0.5148
0.5264 0.4736
0.5516 0.4484
0.5645 0.4355
0.5146 0.4854
0.5873 0.4127
0.5182 0.4818
0.4893 0.5107
0.5375 0.4625
0.5193 0.4807
0.4871 0.5129
0.5585 0.4415
0.5246 0.4754
0.4212 0.5788
0.5530 0.4470
0.5102 0.4898
0.5304 0.4696
0.5164 0.4836
0.5304 0.4696
0.5363 0.4637
0.5695 0.4305
0.4412 0.5588
0.4853 0.5147
0.4532 0.5468
0.4985 0.5015
0.5198 0.4802
0.5131 0.4869
0.4490 0.5510
0.5082 0.4918
0.5490 0.4510
0.4748 0.5252
0.5537 0.4463
0.5417 0.4583
0.5431 0.4569
0.5187 0.4813
0.5341 0.4659
0.5432 0.4568
0.5287 0.4713
0.5085 0.4915
0.5369 0.4631
0.4591 0.5409
0.5547 0.4453
0.5355 0.4645
0.4985 0.5015
0.4953 0.5047
0.5053 0.4947
0.5260 0.4740
0.5596 0.4404
0.5688 0.4312
0.5588 0.4412
0.5285 0.4715
0.5848 0.4152
0.5665 0.4335
0.5408 0.4592
0.5395 0.4605
0.5288 0.4712
0.5409 0.4591
0.5262 0.4738
0.5287 0.4713
0.5510 0.4490
0.5482 0.4518
0.4889 0.5111
0.5515 0.4485
0.5491 0.4509
0.4568 0.5432
0.4282 0.5718
0.5538 0.4462
0.4497 0.5503
0.5100 0.4900
0.5389 0.4611
0.5202 0.4798
0.4771 0.5229
0.5511 0.4489
0.5579 0.4421
0.5413 0.4587
0.4818 0.5182
0.5454 0.4546
0.4558 0.5442
0.5289 0.4711
0.5243 0.4757
0.5427 0.4573
0.5276 0.4724
0.5375 0.4625
0.4890 0.5110
0.5139 0.4861
0.5054 0.4946
0.5324 0.4676
0.4938 0.5062
0.4643 0.5357
0.5291 0.4709
0.5023 0.4977
0.4747 0.5253
0.5319 0.4681
0.4693 0.5307
0.5225 0.4775
0.5647 0.4353
0.5520 0.4480
0.4596 0.5404
0.5625 0.4375
0.5279 0.4721
0.4957 0.5043
0.4655 0.5345
0.5392 0.4608
0.5212 0.4788
0.5269 0.4731
0.5591 0.4409
0.5387 0.4613
0.4729 0.5271
0.5110 0.4890
0.5522 0.4478
0.5444 0.4556
0.5415 0.4585
0.4597 0.5403
0.5268 0.4732
0.4930 0.5070
0.5523 0.4477
0.4754 0.5246
0.5350 0.4650
0.5101 0.4899
0.5248 0.4752
0.5860 0.4140
0.5431 0.4569
0.5822 0.4178
0.5269 0.4731
0.5378 0.4622
0.4461 0.5539
0.5175 0.4825
0.4822 0.5178
0.5209 0.4791
0.5399 0.4601
0.5127 0.4873
0.5416 0.4584
0.5268 0.4732
0.5046 0.4954
0.5008 0.4992
0.5161 0.4839
0.4936 0.5064
0.5060 0.4940
0.5102 0.4898
0.4797 0.5203
0.5208 0.4792
0.5477 0.4523
0.5583 0.4417
0.4501 0.5499
0.5049 0.4951
0.5464 0.4536
0.4887 0.5113
0.5776 0.4224
0.5618 0.4382
0.5534 0.4466
0.5392 0.4608
0.5266 0.4734
0.5294 0.4706
0.4949 0.5051
0.5358 0.4642
0.5191 0.4809
0.6019 0.3981
0.5625 0.4375
0.5771 0.4229
0.5751 0.4249
0.5486 0.4514
0.5305 0.4695
0.5366 0.4634
0.5414 0.4586
0.5350 0.4650
0.4608 0.5392
0.4992 0.5008
0.4731 0.5269
0.5586 0.4414
0.4825 0.5175
0.5120 0.4880
0.5333 0.4667
0.5474 0.4526
0.5130 0.4870
0.4461 0.5539
0.5652 0.4348
0.5119 0.4881
0.5444 0.4556
0.5414 0.4586
0.5219 0.4781
0.5627 0.4373
0.5665 0.4335
0.4320 0.5680
0.5480 0.4520
0.5309 0.4691
0.4959 0.5041
0.5754 0.4246
0.5339 0.4661
0.5534 0.4466
0.5501 0.4499
0.5068 0.4932
0.5294 0.4706
0.5586 0.4414
0.4694 0.5306
0.5542 0.4458
0.5605 0.4395
0.5034 0.4966
0.5497 0.4503
0.5050 0.4950
0.5272 0.4728
0.5699 0.4301
0.4988 0.5012
0.5232 0.4768
0.5127 0.4873
0.5260 0.4740
0.5661 0.4339
0.5353 0.4647
0.5329 0.4671
0.5265 0.4735
0.5031 0.4969
0.5265 0.4735
0.5225 0.4775
0.4644 0.5356
0.5272 0.4728
0.5267 0.4733
0.5349 0.4651
0.5195 0.4805
0.5254 0.4746
0.5761 0.4239
0.5090 0.4910
0.5157 0.4843
0.5474 0.4526
0.5494 0.4506
0.5401 0.4599
0.5282 0.4718
0.5354 0.4646
0.5096 0.4904
0.5427 0.4573
0.4668 0.5332
0.4928 0.5072
0.5354 0.4646
0.5346 0.4654
0.5528 0.4472
0.5633 0.4367
0.5495 0.4505
0.5236 0.4764
0.5286 0.4714
0.5310 0.4690
0.4867 0.5133
0.5258 0.4742
0.5561 0.4439
0.4895 0.5105
0.5430 0.4570
0.5663 0.4337
0.5409 0.4591
0.3772 0.6228
0.5548 0.4452
0.4930 0.5070
0.5609 0.4391
0.5715 0.4285
0.5282 0.4718
0.5499 0.4501
0.5150 0.4850
0.4292 0.5708
0.4984 0.5016
0.5600 0.4400
0.5572 0.4428
0.5247 0.4753
0.5325 0.4675
0.5219 0.4781
0.5647 0.4353
0.5324 0.4676
0.5373 0.4627
0.5490 0.4510
0.5254 0.4746
0.5330 0.4670
0.4944 0.5056
0.5691 0.4309
0.5613 0.4387
0.4692 0.5308
0.5564 0.4436
0.5269 0.4731
0.4926 0.5074
0.4902 0.5098
0.5192 0.4808
0.5252 0.4748
0.5087 0.4913
0.5346 0.4654
0.5299 0.4701
0.4755 0.5245
0.5074 0.4926
0.5471 0.4529
0.5053 0.4947
0.5002 0.4998
0.5244 0.4756
0.5499 0.4501
0.5097 0.4903
0.4955 0.5045
0.5357 0.4643
0.5281 0.4719
0.5087 0.4913
0.4952 0.5048
0.5345 0.4655
0.5213 0.4787
0.5594 0.4406
0.5443 0.4557
0.5332 0.4668
0.5208 0.4792
0.5223 0.4777
0.5490 0.4510
0.5211 0.4789
0.5169 0.4831
0.5043 0.4957
0.4996 0.5004
0.5433 0.4567
0.5311 0.4689
0.5599 0.4401
0.5354 0.4646
0.5498 0.4502
0.5278 0.4722
0.5199 0.4801
0.4989 0.5011
0.5413 0.4587
0.5290 0.4710
0.4864 0.5136
0.5453 0.4547
0.5529 0.4471
0.4521 0.5479
0.5516 0.4484
0.4630 0.5370
0.5377 0.4623
0.4994 0.5006
0.4495 0.5505
0.5251 0.4749
0.5074 0.4926
0.5203 0.4797
0.5210 0.4790
0.4967 0.5033
0.5572 0.4428
0.5132 0.4868
0.4700 0.5300
0.5355 0.4645
0.5304 0.4696
0.5566 0.4434
0.5390 0.4610
0.5390 0.4610
0.5336 0.4664
0.5208 0.4792
0.5254 0.4746
0.5349 0.4651
0.5558 0.4442
0.5778 0.4222
