0.6065 0.3935
0.5753 0.4247
0.5349 0.4651
0.6121 0.3879
0.6048 0.3952
0.5607 0.4393
0.5356 0.4644
0.6052 0.3948
0.4702 0.5298
0.5909 0.4091
0.4807 0.5193
0.4888 0.5112
0.5723 0.4277
0.4760 0.5240
0.5550 0.4450
0.4684 0.5316
0.5811 0.4189
0.5662 0.4338
0.5876 0.4124
0.4969 0.5031
0.4899 0.5101
0.5160 0.4840
0.5855 0.4145
0.5820 0.4180
0.4538 0.5462
0.5756 0.4244
0.6333 0.3667
0.5378 0.4622
0.5256 0.4744
0.5898 0.4102
0.4670 0.5330
0.5939 0.4061
0.4807 0.5193
0.4671 0.5329
0.5094 0.4906
0.4921 0.5079
0.5427 0.4573
0.4555 0.5445
0.5724 0.4276
0.5737 0.4263
0.4470 0.5530
0.4838 0.5162
0.5241 0.4759
0.4794 0.5206
0.4573 0.5427
0.6386 0.3614
0.5350 0.4650
0.4483 0.5517
0.5883 0.4117
0.5995 0.4005
0.5219 0.4781
0.4866 0.5134
0.6171 0.3829
0.4593 0.5407
0.4872 0.5128
0.5191 0.4809
0.5457 0.4543
0.6163 0.3837
0.5815 0.4185
0.5960 0.4040
0.5562 0.4438
0.6268 0.3732
0.5167 0.4833
0.5344 0.4656
0.5028 0.4972
0.5710 0.4290
0.6526 0.3474
0.6050 0.3950
0.4968 0.5032
0.5691 0.4309
0.4763 0.5237
0.4724 0.5276
0.4937 0.5063
0.5292 0.4708
0.5530 0.4470
0.5264 0.4736
0.5456 0.4544
0.5756 0.4244
0.4959 0.5041
0.5426 0.4574
0.5000 0.5000
0.5936 0.4064
0.6222 0.3778
0.5489 0.4511
0.4929 0.5071
0.5193 0.4807
0.5844 0.4156
0.5642 0.4358
0.4719 0.5281
0.5585 0.4415
0.5419 0.4581
0.5984 0.4016
0.5060 0.4940
0.5160 0.4840
0.4506 0.5494
0.6068 0.3932
0.4546 0.5454
0.5735 0.4265
0.4727 0.5273
0.5839 0.4161
0.5761 0.4239
0.5809 0.4191
0.4668 0.5332
0.5898 0.4102
0.5689 0.4311
0.5902 0.4098
0.4508 0.5492
0.4785 0.5215
0.5427 0.4573
0.4698 0.5302
0.4890 0.5110
0.5314 0.4686
0.4631 0.5369
0.5816 0.4184
0.5521 0.4479
0.5641 0.4359
0.4890 0.5110
0.6056 0.3944
0.5888 0.4112
0.4755 0.5245
0.4907 0.5093
0.5781 0.4219
0.5995 0.4005
0.5192 0.4808
0.5462 0.4538
0.5557 0.4443
0.5795 0.4205
0.6301 0.3699
0.5866 0.4134
0.5333 0.4667
0.5888 0.4112
0.5410 0.4590
0.4944 0.5056
0.5864 0.4136
0.5923 0.4077
0.6007 0.3993
0.5811 0.4189
0.6138 0.3862
0.5363 0.4637
0.5262 0.4738
0.5511 0.4489
0.5638 0.4362
0.5316 0.4684
0.5159 0.4841
0.5001 0.4999
0.5375 0.4625
0.4507 0.5493
0.5197 0.4803
0.4572 0.5428
0.5935 0.4065
0.6236 0.3764
0.4539 0.5461
0.4663 0.5337
0.5091 0.4909
0.5524 0.4476
0.6595 0.3405
0.5734 0.4266
0.5232 0.4768
0.4532 0.5468
0.4775 0.5225
0.4778 0.5222
0.4732 0.5268
0.4854 0.5146
0.5444 0.4556
0.5417 0.4583
0.6245 0.3755
0.4757 0.5243
0.4737 0.5263
0.5566 0.4434
0.4554 0.5446
0.5418 0.4582
0.5251 0.4749
0.4786 0.5214
0.5866 0.4134
0.5847 0.4153
0.6061 0.3939
0.5779 0.4221
0.5551 0.4449
0.4887 0.5113
0.6087 0.3913
0.5616 0.4384
0.5929 0.4071
0.5840 0.4160
0.4852 0.5148
0.5416 0.4584
0.5529 0.4471
0.6049 0.3951
0.4941 0.5059
0.5593 0.4407
0.5815 0.4185
0.5987 0.4013
0.6253 0.3747
0.5576 0.4424
0.4733 0.5267
0.5343 0.4657
0.5983 0.4017
0.4489 0.5511
0.6038 0.3962
0.5474 0.4526
0.6310 0.3690
0.5276 0.4724
0.5933 0.4067
0.5016 0.4984
0.6347 0.3653
0.6319 0.3681
0.5072 0.4928
0.4869 0.5131
0.6275 0.3725
0.4572 0.5428
0.6021 0.3979
0.5817 0.4183
0.6063 0.3937
0.5642 0.4358
0.4548 0.5452
0.5805 0.4195
0.4890 0.5110
0.5297 0.4703
0.4707 0.5293
0.5217 0.4783
0.5641 0.4359
0.5423 0.4577
0.5201 0.4799
0.6130 0.3870
0.5441 0.4559
0.4620 0.5380
0.5438 0.4562
0.5524 0.4476
0.5084 0.4916
0.4755 0.5245
0.6184 0.3816
0.4734 0.5266
0.4867 0.5133
0.5796 0.4204
0.5259 0.4741
0.5609 0.4391
0.6231 0.3769
0.6181 0.3819
0.4605 0.5395
0.4857 0.5143
0.5948 0.4052
0.6418 0.3582
0.5557 0.4443
0.5948 0.4052
0.5284 0.4716
0.4630 0.5370
0.5308 0.4692
0.4605 0.5395
0.5793 0.4207
0.6430 0.3570
0.4371 0.5629
0.5876 0.4124
0.5922 0.4078
0.5861 0.4139
0.6052 0.3948
0.5603 0.4397
0.4753 0.5247
0.4582 0.5418
0.5804 0.4196
0.6317 0.3683
0.6190 0.3810
0.5603 0.4397
0.4839 0.5161
0.6446 0.3554
0.5926 0.4074
0.4754 0.5246
0.5497 0.4503
0.6122 0.3878
0.5557 0.4443
0.4948 0.5052
0.4893 0.5107
0.4720 0.5280
0.4535 0.5465
0.5432 0.4568
0.6107 0.3893
0.5605 0.4395
0.5010 0.4990
0.5221 0.4779
0.5330 0.4670
0.5041 0.4959
0.4575 0.5425
0.4648 0.5352
0.5675 0.4325
0.5961 0.4039
0.5443 0.4557
0.6288 0.3712
0.5763 0.4237
0.5560 0.4440
0.4663 0.5337
0.5456 0.4544
0.5866 0.4134
0.4650 0.5350
0.5765 0.4235
0.4572 0.5428
0.4644 0.5356
0.4639 0.5361
0.4995 0.5005
0.4884 0.5116
0.5181 0.4819
0.5428 0.4572
0.5864 0.4136
0.5466 0.4534
0.5355 0.4645
0.5678 0.4322
0.6117 0.3883
0.4291 0.5709
0.5313 0.4687
0.4934 0.5066
0.5772 0.4228
0.4638 0.5362
0.5941 0.4059
0.4877 0.5123
0.5211 0.4789
0.4786 0.5214
0.5334 0.4666
0.4864 0.5136
0.5599 0.4401
0.5195 0.4805
0.4520 0.5480
0.5577 0.4423
0.4569 0.5431
0.5870 0.4130
0.5417 0.4583
0.4665 0.5335
0.5351 0.4649
0.6188 0.3812
0.5759 0.4241
0.5138 0.4862
0.5454 0.4546
0.4828 0.5172
0.5703 0.4297
0.5259 0.4741
0.6031 0.3969
0.6073 0.3927
0.5315 0.4685
0.5792 0.4208
0.5585 0.4415
0.5519 0.4481
0.5280 0.4720
0.6133 0.3867
0.5790 0.4210
0.5900 0.4100
0.5772 0.4228
0.4980 0.5020
0.4661 0.5339
0.5636 0.4364
0.5375 0.4625
0.4567 0.5433
0.5787 0.4213
0.5328 0.4672
0.5015 0.4985
